Epoch:0 Average acc:0.0149392614806
se:0.042144  sp:0.012626Epoch:0 Average acc:0.0458322731679
se:0.025859  sp:0.047530Epoch:0 Average acc:0.0459091206162
se:0.026958  sp:0.047520Epoch:0 Average acc:0.045286026121
se:0.019616  sp:0.047468