Epoch:0 Average acc:0.0126810159769
se:0.045323  sp:0.009905Epoch:0 Average acc:0.0458311268858
se:0.025839  sp:0.047530Epoch:0 Average acc:0.0459101796179
se:0.026969  sp:0.047520Epoch:0 Average acc:0.0452878357338
se:0.019639  sp:0.047468